import numpy
import matplotlib.pyplot as plt

x = [1,2,3,5,6,7,8,9,10,12,13,14,15,16,18,19,21,22,23,24,25,26,
    27,28,29,30,31,32,33,34,35,36,37,38,39,40,41,42,43,44,45,46,
     47,48,49,50,51,52,53,54,55,57]
     
y = [1,1,2,3,3,8,13,16,16,22,24,31,33,45,65,109,119,186,233,305,
     370,421,493,558,600,657,708,832,99,1074,1246,1394,1461,1688,
     1938,2216,2464,2607,2855,3231,3410,3743,3944,4349,4543,4765,
     4899,5306,5552,6172,6282,7111]
     
mymodel = numpy.poly1d(numpy.polyfit(x, y, 3))
myline = numpy.linspace(1, 60, 100)
plt.scatter(x, y)
plt.plot(myline, mymodel(myline))
plt.show()
print(mymodel(56))
